Start Time:  2/21/2019 8:12:18 AM         Time Completed:  2/21/2019 8:49:07 AM     Elapsed Time:  00:36:48
Sample ID:     BFO_425_Hysteresis_200219

Experiment:    C:\IDEASVSM\Default UserID\Experiments\Hys_BFO_Completa1h\Hys_BFO_Completa1h.exp
Data File:     c:\Ideasvsm\Default UserID\ERamos_\IR_DCD_Exp\Test_IRM_Floppy\BFO_425_Hysteresis_200219.txt
Plot File:     c:\Ideasvsm\Default UserID\ERamos_\IR_DCD_Exp\Test_IRM_Floppy\BFO_425_Hysteresis_200219.oc2
VSM Exp File:  C:\IDEASVSM\Default UserID\Experiments\Hys_BFO_Completa1h\Hys_BFO_Completa1h.stp
VSM Data File: c:\Ideasvsm\Default UserID\ERamos_\IR_DCD_Exp\Test_IRM_Floppy\BFO_425_Hysteresis_200219.dat

***DATA***

Field(Oe)	 Moment(emu)	
-4.2737154 	-0.00013277791 	
-2.6117721 	-0.000075798172 	
-0.93964984 	-0.000011110951 	
 0.71350126 	 0.00004819736 	
 2.3931958 	 0.00010792867 	
 4.0526006 	 0.00016989485 	
 11.169932 	 0.00041884218 	
 24.797138 	 0.00088654289 	
 38.384398 	 0.0013181501 	
 51.979024 	 0.001722598 	
 65.631465 	 0.0021184314 	
 79.235469 	 0.0024895721 	
 92.808845 	 0.0028328245 	
 126.90267 	 0.0035998924 	
 184.03086 	 0.0047412422 	
 241.16761 	 0.0057258301 	
 298.31824 	 0.0065820574 	
 355.46265 	 0.0073106626 	
 412.59715 	 0.0079925443 	
 469.73176 	 0.00858923 	
 544.75315 	 0.0092891595 	
 644.63175 	 0.010119791 	
 744.63072 	 0.010842339 	
 844.63078 	 0.011489183 	
 944.63482 	 0.012096496 	
 1203.1097 	 0.013303911 	
 1642.8635 	 0.015049791 	
 2082.8014 	 0.016420156 	
 2526.7999 	 0.017503118 	
 2967.0233 	 0.018430157 	
 3406.982 	 0.019280793 	
 3846.9257 	 0.020024129 	
 4286.8986 	 0.0206876 	
 4726.8117 	 0.021305153 	
 5166.7526 	 0.021909263 	
 5606.6471 	 0.022474869 	
 6046.5255 	 0.022984541 	
 6486.3933 	 0.023500833 	
 6926.2933 	 0.023967046 	
 7366.155 	 0.024404283 	
 7806.0133 	 0.024879063 	
 8245.7732 	 0.025313044 	
 8685.5033 	 0.025762289 	
 9125.1437 	 0.026165321 	
 9564.6959 	 0.026545024 	
 10004.186 	 0.026953564 	
 10443.61 	 0.02735399 	
 10882.991 	 0.027692839 	
 11322.301 	 0.028062309 	
 11761.478 	 0.02843168 	
 11800.105 	 0.028501222 	
 11360.18 	 0.028187049 	
 10919.33 	 0.027840855 	
 10478.677 	 0.027504915 	
 10038.256 	 0.027135652 	
 9597.9336 	 0.026780634 	
 9157.7263 	 0.02639039 	
 8717.6418 	 0.026054641 	
 8277.6267 	 0.025598181 	
 7837.6524 	 0.025172085 	
 7397.7629 	 0.024767341 	
 6957.805 	 0.024286825 	
 6517.9165 	 0.023844929 	
 6077.9535 	 0.023369726 	
 5638.0915 	 0.022849019 	
 5198.1717 	 0.022320336 	
 4758.247 	 0.021707966 	
 4318.3962 	 0.021100024 	
 3878.4006 	 0.020407971 	
 3438.4384 	 0.019699468 	
 2998.4241 	 0.018819328 	
 2558.4362 	 0.017933488 	
 2116.3005 	 0.016817037 	
 1674.0468 	 0.015506432 	
 1234.0271 	 0.013855802 	
 974.64953 	 0.012585413 	
 903.44854 	 0.012149522 	
 832.03932 	 0.011725198 	
 760.62817 	 0.011228594 	
 689.20699 	 0.010723008 	
 617.80285 	 0.010173345 	
 546.3959 	 0.0095667744 	
 483.12688 	 0.0089836589 	
 426.05817 	 0.0083822116 	
 368.93358 	 0.0077412926 	
 311.79162 	 0.007000062 	
 254.64784 	 0.0061800673 	
 197.49622 	 0.0052470386 	
 140.3569 	 0.0041438102 	
 97.744 	 0.003155897 	
 69.196398 	 0.002409228 	
 40.620704 	 0.0015783557 	
 11.91771 	 0.00060933984 	
-16.806168 	-0.00043246599 	
-45.367027 	-0.001365032 	
-73.946344 	-0.0021860922 	
-115.03701 	-0.0032083615 	
-172.12389 	-0.0044163559 	
-229.26105 	-0.0054406103 	
-286.39505 	-0.0063134883 	
-343.53831 	-0.0070614398 	
-400.68096 	-0.0077518948 	
-457.82523 	-0.0084012375 	
-534.05161 	-0.0091094897 	
-633.98783 	-0.0099537709 	
-733.97326 	-0.010735188 	
-833.99226 	-0.011385242 	
-933.98655 	-0.011976251 	
-1182.0891 	-0.013192439 	
-1621.2915 	-0.014946398 	
-2061.2448 	-0.016274007 	
-2501.2185 	-0.017396996 	
-2941.1649 	-0.018368452 	
-3381.1697 	-0.019208941 	
-3821.0654 	-0.019949778 	
-4260.9944 	-0.020608275 	
-4700.8864 	-0.021253425 	
-5140.7959 	-0.021868817 	
-5580.6604 	-0.022397417 	
-6024.6312 	-0.022944177 	
-6464.8175 	-0.023472167 	
-6904.7135 	-0.023919598 	
-7348.1168 	-0.024400499 	
-7788.7954 	-0.024834383 	
-8228.6114 	-0.025257811 	
-8668.2968 	-0.025689943 	
-9107.9491 	-0.026127057 	
-9547.5418 	-0.026524785 	
-9987.061 	-0.026901033 	
-10426.452 	-0.027283403 	
-10865.863 	-0.027658307 	
-11307.641 	-0.027998189 	
-11748.731 	-0.028396542 	
-11789.932 	-0.02844865 	
-11349.673 	-0.02814211 	
-10908.844 	-0.027783411 	
-10468.183 	-0.027435474 	
-10027.72 	-0.027078129 	
-9587.3666 	-0.026729701 	
-9147.2241 	-0.026369293 	
-8707.127 	-0.025974132 	
-8267.1007 	-0.025582243 	
-7827.1422 	-0.02515437 	
-7387.1798 	-0.02471114 	
-6947.2906 	-0.024286083 	
-6507.4185 	-0.023806185 	
-6067.4927 	-0.023326514 	
-5627.5699 	-0.022804349 	
-5187.6513 	-0.022274755 	
-4747.7851 	-0.021666906 	
-4307.8805 	-0.021071541 	
-3867.8908 	-0.020383004 	
-3427.8726 	-0.019645136 	
-2987.8896 	-0.018832469 	
-2547.9015 	-0.017874383 	
-2107.9449 	-0.016788733 	
-1667.911 	-0.015499577 	
-1227.9289 	-0.013784305 	
-956.32386 	-0.012429022 	
-856.47172 	-0.011852266 	
-756.45672 	-0.011175699 	
-656.45431 	-0.010491499 	
-556.46385 	-0.0096289325 	
-478.74341 	-0.0089118417 	
-421.6779 	-0.0083150898 	
-364.54348 	-0.0076647049 	
-307.39643 	-0.0069092916 	
-250.25531 	-0.0060746928 	
-193.13201 	-0.0051238043 	
-135.97631 	-0.003994082 	
-92.721468 	-0.0029824385 	
-64.185209 	-0.0022187532 	
-35.613024 	-0.0013641548 	
-7.047302 	-0.00038619443 	
 21.524044 	 0.00065296868 	
 50.083629 	 0.0015620601 	
 78.657858 	 0.0023745883 	
 129.19854 	 0.0035494254 	
 209.08285 	 0.0051172553 	
 289.07939 	 0.0063792113 	
 369.07174 	 0.0074435746 	
 449.07431 	 0.008323881 	
 536.40222 	 0.0091608178 	
 636.27511 	 0.010011322 	
 736.2602 	 0.010749224 	
 836.2793 	 0.011439375 	
 936.27697 	 0.012001061 	
 1197.0979 	 0.01330446 	
 1637.0996 	 0.015060723 	
 2077.043 	 0.01636291 	
 2516.9925 	 0.017483105 	
 2956.9406 	 0.018385983 	
 3396.8994 	 0.019244156 	
 3836.826 	 0.019968565 	
 4276.7677 	 0.020670392 	
 4716.6887 	 0.021293362 	
 5156.5276 	 0.021901244 	
 5596.4454 	 0.022446589 	
 6036.3077 	 0.022974514 	
 6476.1947 	 0.023476195 	
 6916.0634 	 0.023957833 	
 7355.903 	 0.024414957 	
 7795.7878 	 0.024860788 	
 8235.5865 	 0.025292406 	
 8675.2795 	 0.025716242 	
 9114.9394 	 0.026140495 	
 9554.5177 	 0.026526704 	
 9993.9841 	 0.026909692 	
 10433.416 	 0.027269175 	
 10872.768 	 0.027640563 	
 11312.073 	 0.028003915 	
 11751.273 	 0.028409834 	

	
	
