Start Time:  2/19/2019 3:25:23 PM         Time Completed:  2/19/2019 8:50:59 PM     Elapsed Time:  05:25:35
Sample ID:     dcd_prunba_3

Experiment:    C:\IDEASVSM\Default UserID\Experiments\CDC_Floopy\CDC_Floopy.exp
Data File:     c:\Ideasvsm\Default UserID\ERamos_\IR_DCD_Exp\Test_IRM_Floppy\dcd_prunba_3.txt
Plot File:     c:\Ideasvsm\Default UserID\ERamos_\IR_DCD_Exp\Test_IRM_Floppy\dcd_prunba_3.oc2
VSM Exp File:  C:\IDEASVSM\Default UserID\Experiments\CDC_Floopy\CDC_Floopy.stp
VSM Data File: c:\Ideasvsm\Default UserID\ERamos_\IR_DCD_Exp\Test_IRM_Floppy\dcd_prunba_3.dat

***DATA***

Field(Oe)	 Moment(emu)	
 0.061845012 	-0.00099334481 	
 10.018892 	-0.00099565052 	
 20.166634 	-0.00099741988 	
 29.942869 	-0.00099559688 	
 40.120766 	-0.00099556839 	
 49.881664 	-0.00099729196 	
 60.06987 	-0.00099128634 	
 70.273499 	-0.00099557422 	
 80.415344 	-0.00099200572 	
 90.23777 	-0.00099708803 	
 99.895454 	-0.00099018585 	
 109.88779 	-0.00099146076 	
 120.1478 	-0.00098648834 	
 130.08356 	-0.00098231421 	
 140.00409 	-0.00099058833 	
 149.99669 	-0.00098624069 	
 160.0871 	-0.00098894978 	
 169.89435 	-0.000990231 	
 180.05217 	-0.0009882685 	
 189.93233 	-0.00098829881 	
 200.03387 	-0.00098432952 	
 210.06339 	-0.00098099105 	
 220.05167 	-0.00098248674 	
 230.07578 	-0.00098054098 	
 239.86246 	-0.00098151986 	
 249.95284 	-0.00097544347 	
 259.89917 	-0.00097470808 	
 270.05133 	-0.00097482439 	
 280.09586 	-0.00097085338 	
 289.97104 	-0.00097750026 	
 300.14481 	-0.0009820247 	
 310.13324 	-0.00096435874 	
 320.01355 	-0.00096469695 	
 330.11523 	-0.00096706126 	
 340.09338 	-0.00096279682 	
 349.98395 	-0.00096179017 	
 359.89514 	-0.00096097162 	
 370.0174 	-0.00095148173 	
 379.85919 	-0.00095096538 	
 390.01294 	-0.00095332057 	
 399.98151 	-0.00095368409 	
 409.97061 	-0.00094419526 	
 420.06778 	-0.00093777957 	
 429.99509 	-0.00093579101 	
 439.94824 	-0.0009309045 	
 449.95282 	-0.00092718677 	
 460.03973 	-0.00091940976 	
 470.02368 	-0.00091799485 	
 480.07452 	-0.00091553683 	
 490.03278 	-0.00090603446 	
 500.11942 	-0.0008974272 	
 510.07147 	-0.00088664117 	
 519.9411 	-0.00087987665 	
 530.01141 	-0.00088393815 	
 539.99426 	-0.00086430062 	
 549.91541 	-0.00085468592 	
 559.87256 	-0.00085177637 	
 570.07147 	-0.00083898719 	
 580.00287 	-0.00083175153 	
 590.00635 	-0.00080976984 	
 600.14355 	-0.00079999159 	
 610.02863 	-0.00078831198 	
 620.14532 	-0.00077163627 	
 629.94812 	-0.00076024206 	
 640.00305 	-0.00073650662 	
 650.14026 	-0.00071063088 	
 660.14368 	-0.00068755174 	
 670.0802 	-0.00067104365 	
 679.91394 	-0.00064707426 	
 689.99963 	-0.00062694074 	
 700.08545 	-0.00059881291 	
 710.05798 	-0.00057581101 	
 719.8916 	-0.00055019136 	
 730.04431 	-0.00051316974 	
 740.01172 	-0.00048962031 	
 749.98425 	-0.00045686359 	
 760.06848 	-0.00042852399 	
 769.86951 	-0.00038421191 	
 780.14911 	-0.00035617326 	
 790.0993 	-0.0003200337 	
 800.02374 	-0.00028936513 	
 809.90723 	-0.00025490778 	
 819.97058 	-0.00021467626 	
 829.94141 	-0.00018414953 	
 839.97394 	-0.00015274043 	
 850.05811 	-0.00010672332 	
 859.91046 	-0.000080008437 	
 869.94312 	-0.000043209518 	
 880.05811 	-0.000016988584 	
 890.19348 	 0.000018476549 	
 900.04602 	 0.00005315598 	
 910.01685 	 0.000081530982 	
 920.10095 	 0.00011410792 	
 929.96375 	 0.00014864633 	
 940.13 	 0.00017600123 	
 950.10083 	 0.00020182821 	
 960.06653 	 0.00023002207 	
 969.93445 	 0.00026512928 	
 979.96704 	 0.00028234541 	
 990.12305 	 0.00031105651 	
 1000.0192 	 0.00034006964 	
 1009.933 	 0.00035856308 	
 1019.9242 	 0.00038149444 	
 1030.0182 	 0.00040601611 	
 1039.9835 	 0.00042999177 	
 1050.0415 	 0.00044534317 	
 1060.0686 	 0.00046529843 	
 1070.0699 	 0.00049235375 	
 1080.0405 	 0.00050708321 	
 1090.1191 	 0.00052531432 	
 1100.1616 	 0.00053952664 	
 1110.0601 	 0.00055275759 	
 1119.9327 	 0.00056923041 	
 1130.0472 	 0.00058474837 	
 1140.0229 	 0.0006021155 	
 1149.9829 	 0.00061245229 	
 1160.0978 	 0.00062875544 	
 1170.1918 	 0.00064239184 	
 1180.1519 	 0.00065229194 	
 1190.1072 	 0.00066067917 	
 1200.0879 	 0.00068175579 	
 1209.9294 	 0.00068985522 	
 1219.9927 	 0.00070057783 	
 1229.8755 	 0.00070904325 	
 1240.083 	 0.00071971073 	
 1250.1255 	 0.00072874189 	
 1260.0393 	 0.00073778086 	
 1270.1489 	 0.00074886417 	
 1280.1245 	 0.00075361215 	
 1290.0024 	 0.0007645701 	
 1300.0088 	 0.00077036752 	
 1310.0925 	 0.00077944976 	
 1320.135 	 0.00078601908 	
 1330.0952 	 0.00079028411 	
 1340.1018 	 0.00080268091 	
 1350.0873 	 0.00080572626 	
 1360.0861 	 0.0008066473 	
 1370.0791 	 0.00081932193 	
 1380.0259 	 0.00082734961 	
 1390.0505 	 0.00083347482 	
 1400.0284 	 0.00083525603 	
 1409.934 	 0.00084703732 	
 1419.8964 	 0.0008452546 	
 1429.8536 	 0.00085783284 	
 1440.0328 	 0.00085797631 	
 1450.0676 	 0.00086220426 	
 1459.9421 	 0.00086383665 	
 1470.0698 	 0.00086780814 	
 1480.0116 	 0.00087279477 	
 1490.0205 	 0.00087638684 	
 1500.0189 	 0.00088178806 	
 1510.0332 	 0.00088857362 	
 1520.0576 	 0.00088864073 	
 1529.9167 	 0.00089273734 	
 1540.1323 	 0.00089471343 	
 1550.0378 	 0.00089816886 	
 1559.9849 	 0.00089827013 	
 1570.0762 	 0.0008994449 	
 1580.116 	 0.00090058985 	
 1590.001 	 0.00090705391 	
 1600.0254 	 0.00091036472 	
 1610.0549 	 0.00091359038 	
 1620.0483 	 0.00092063384 	
 1630.238 	 0.00091483578 	
 1639.7664 	 0.00091619226 	
 1649.8115 	 0.00092178162 	
 1660.1006 	 0.00092331791 	
 1669.9998 	 0.00092416267 	
 1680.0431 	 0.00092775476 	
 1690.1068 	 0.0009309858 	
 1700.0985 	 0.00093412227 	
 1710.0956 	 0.0009372231 	
 1720.0769 	 0.00092909278 	
 1729.7704 	 0.00093866468 	
 1739.9528 	 0.00093619844 	
 1750.1964 	 0.00093720862 	
 1760.1111 	 0.00094149252 	
 1769.9434 	 0.00093972895 	
 1780.1049 	 0.00094412653 	
 1790.0145 	 0.00094450002 	
 1799.9288 	 0.00094743701 	
 1809.9413 	 0.00094328235 	
 1819.8867 	 0.00094778972 	
 1830.1357 	 0.00094702844 	
 1840.0967 	 0.00094952229 	
 1849.9756 	 0.00094904421 	
 1860.2039 	 0.00096018111 	
 1870.0669 	 0.00095894665 	
 1879.9661 	 0.00095907583 	
 1890.0454 	 0.00095496563 	
 1899.9033 	 0.00096450883 	
 1910.0854 	 0.00095511744 	
 1920.031 	 0.00095003269 	
 1930.2749 	 0.00095915195 	
 1940.0198 	 0.00095584969 	
 1950.1501 	 0.00095648778 	
 1960.0854 	 0.00096052875 	
 1969.9641 	 0.00096104368 	
 1980.2026 	 0.00095741976 	
 1989.8396 	 0.00095819662 	
 2000.0511 	 0.00096226438 	
 2010.0117 	 0.00096482535 	
 2019.9777 	 0.00096294037 	
 2029.9541 	 0.00096392212 	
 2040.0435 	 0.00096358555 	
 2050.1174 	 0.00096446818 	
 2060.0933 	 0.00095744338 	
 2069.9304 	 0.0009695993 	
 2079.9685 	 0.00096370328 	
 2090.1404 	 0.00096793025 	
 2099.9673 	 0.00096803697 	
 2110.103 	 0.00096575972 	
 2120.1565 	 0.00096525817 	
 2130.0144 	 0.00096770411 	
 2139.9697 	 0.00097233871 	
 2149.8792 	 0.00096287592 	
 2160.2 	 0.00096940149 	
 2170.0371 	 0.00097101515 	
 2179.9312 	 0.00096124814 	
 2189.969 	 0.00096398026 	
 2200.0945 	 0.00097287888 	
 2209.9678 	 0.00097140269 	
 2220.0881 	 0.00097265758 	
 2229.8635 	 0.00097518311 	
 2239.8657 	 0.00096554437 	
 2250.0737 	 0.00097715679 	
 2260.0806 	 0.0009730282 	
 2270.0415 	 0.00097727561 	
 2279.8887 	 0.00097657139 	
 2289.7363 	 0.00097262065 	
 2299.9233 	 0.00096969168 	
 2310.2446 	 0.00096837477 	
 2320.0044 	 0.00097206051 	
 2330.022 	 0.0009751275 	
 2340.0806 	 0.00097671744 	
 2349.8047 	 0.00097265098 	
 2359.9761 	 0.00097640406 	
 2370.1172 	 0.00096996467 	
 2380.2065 	 0.00097303816 	
 2390.0747 	 0.00097466926 	
 2400.0713 	 0.00097409295 	
 2410.0063 	 0.00097544546 	
 2420.0601 	 0.00097426253 	
 2430.0049 	 0.00097822966 	
 2440.0073 	 0.00097489107 	
 2449.9521 	 0.00097803515 	
 2460.0005 	 0.00097233436 	
 2470.0591 	 0.00097542744 	
 2480.0303 	 0.00096972193 	
 2490.2227 	 0.00097811728 	
 2499.9075 	 0.00097364984 	
 2510.0598 	 0.0009775753 	
 2520.1455 	 0.00097546674 	
 2529.8455 	 0.00098033098 	
 2540.0032 	 0.00097499927 	
 2549.9858 	 0.00097731929 	
 2559.9121 	 0.00097903436 	
 2569.9463 	 0.00097051499 	
 2579.9653 	 0.00098128959 	
 2590.02 	 0.00097449288 	
 2600.0901 	 0.00097070365 	
 2610.042 	 0.00097834888 	
 2620.1123 	 0.00097360906 	
 2630.1311 	 0.00097471593 	
 2640.1243 	 0.00098059305 	
 2650.1738 	 0.00097657637 	
 2660.1001 	 0.00097875917 	
 2670.052 	 0.00097993698 	
 2679.8398 	 0.00097203336 	
 2690.0691 	 0.00097669038 	
 2700.1287 	 0.00097660035 	
 2709.8962 	 0.00097148061 	
 2720.0381 	 0.00098123538 	
 2730.1699 	 0.00097790668 	
 2740.0962 	 0.00097811556 	
 2750.0483 	 0.0009806195 	
 2760.0156 	 0.00097873114 	
 2770.0347 	 0.00097490826 	
 2780.1768 	 0.00096943313 	
 2789.9951 	 0.00097908555 	
 2799.8345 	 0.00097610177 	
 2809.9712 	 0.00098351917 	
 2819.9536 	 0.00097834871 	
 2829.9727 	 0.00097486649 	
 2840.1455 	 0.00098254814 	
 2850.0205 	 0.00097652607 	
 2860.0391 	 0.0009766984 	
 2870.0732 	 0.0009817783 	
 2880.231 	 0.00097735353 	
 2889.9775 	 0.00097609434 	
 2899.9863 	 0.00097639752 	
 2910.041 	 0.00097401731 	
 2919.9053 	 0.00098033753 	
 2929.9653 	 0.00097789395 	
 2940.1279 	 0.00097354997 	
 2949.8745 	 0.00097646688 	
 2959.9858 	 0.00098178223 	
 2970.1074 	 0.00097885159 	
 2979.9976 	 0.00098149504 	
 2990.104 	 0.00098189184 	
 3000.083 	 0.00098005954 	
 3010.0315 	 0.00097578278 	
 3019.8616 	 0.00098442063 	
 3030.1641 	 0.00097697781 	
 3040.0308 	 0.00097712861 	
 3049.8916 	 0.00098163187 	
 3060.0254 	 0.00098233957 	
 3069.8862 	 0.00098033955 	
 3080.1272 	 0.00097499759 	
 3089.968 	 0.00098025388 	
 3100.1167 	 0.00097976142 	
 3110.0908 	 0.00098060209 	
 3120.0698 	 0.00098455608 	
 3130.1519 	 0.00097662498 	
 3139.864 	 0.0009740873 	
 3150.0127 	 0.00098461055 	
 3160.187 	 0.00097941409 	
 3170.1455 	 0.00098401771 	
 3180.176 	 0.00098102958 	
 3189.8064 	 0.00098416621 	
 3200.0374 	 0.00097931434 	
 3210.176 	 0.00098702985 	
 3219.9189 	 0.00097422957 	
 3229.9495 	 0.00098132859 	
 3240.2312 	 0.00097876873 	
 3249.9897 	 0.00098474084 	
 3260.123 	 0.00097983155 	
 3270.1436 	 0.00098183458 	
 3279.7739 	 0.0009748382 	
 3290.2666 	 0.00098117244 	
 3300.2456 	 0.00098146552 	
 3310.0249 	 0.00098045594 	
 3320.1221 	 0.00097733228 	
 3329.9678 	 0.00098413798 	
 3339.9985 	 0.0009787626 	
 3350.1211 	 0.00098159964 	
 3360.0854 	 0.00097675326 	
 3369.9619 	 0.00097774057 	
 3380.0542 	 0.00097942686 	
 3390.0024 	 0.00097423532 	
 3400.1152 	 0.00098441507 	
 3409.9917 	 0.00097737127 	
 3419.9248 	 0.00098077475 	
 3430.1963 	 0.00097958568 	
 3440.1294 	 0.0009805885 	
 3450.1191 	 0.00098113656 	
 3459.98 	 0.00098281515 	
 3469.9595 	 0.00097920542 	
 3480.1543 	 0.00097582507 	
 3490.2158 	 0.00097686395 	
 3500.0303 	 0.00098027685 	
 3510.1792 	 0.00098612179 	
 3520.0496 	 0.00098081666 	
 3530.0588 	 0.00098050874 	
 3540.1299 	 0.00097816949 	
 3550.0107 	 0.00097608734 	
 3560.1692 	 0.00098270889 	
 3569.9729 	 0.00098104669 	
 3580.0588 	 0.00098368012 	
 3589.8982 	 0.00098129475 	
 3600.0007 	 0.00098834903 	
 3610.0408 	 0.00098834333 	
 3619.9626 	 0.00098378776 	
 3629.9819 	 0.00097409213 	
 3639.9705 	 0.00098208106 	
 3650.1035 	 0.00098293146 	
 3660.0305 	 0.00098065085 	
 3670.0657 	 0.00097683742 	
 3680.1057 	 0.00097853274 	
 3690.1042 	 0.00097988297 	
 3700.062 	 0.00098079272 	
 3710.0146 	 0.0009841954 	
 3719.8547 	 0.00097836858 	
 3730.2595 	 0.00097949875 	
 3740.1147 	 0.00098269523 	
 3750.0059 	 0.00097709668 	
 3760.0767 	 0.00098168249 	
 3770.0142 	 0.00098429139 	
 3779.8643 	 0.00098058267 	
 3790.0688 	 0.00098037181 	
 3799.8931 	 0.0009828933 	
 3810.0464 	 0.00098469322 	
 3820.1016 	 0.00097871725 	
 3830.1675 	 0.00098159059 	
 3840.2075 	 0.00098801194 	
 3850.1807 	 0.0009821694 	
 3859.9487 	 0.00097853327 	
 3869.9272 	 0.00097692494 	
 3879.9463 	 0.00098862907 	
 3890.0791 	 0.00097879729 	
 3900.0679 	 0.00098186672 	
 3909.9692 	 0.00097822706 	
 3920.1118 	 0.0009870804 	
 3930.0801 	 0.0009825207 	
 3940.002 	 0.00098181409 	
 3950.1909 	 0.00098310296 	
 3960.2314 	 0.0009772213 	
 3970.1631 	 0.00098213654 	
 3979.9209 	 0.00098511982 	
 3990.0586 	 0.00097846562 	
 3999.9497 	 0.00098296102
	
	
