Start Time:  2/18/2019 11:36:02 PM        Time Completed:  2/19/2019 4:21:04 AM     Elapsed Time:  04:45:02
Sample ID:     IRM_DCD_Floppy_401pts_2

Experiment:    C:\IDEASVSM\Default UserID\Experiments\CDC_Floopy\CDC_Floopy,exp
Data File:     c:\Ideasvsm\Default UserID\ERamos_\IR_DCD_Exp\Test_IRM_Floppy\IRM_DCD_Floppy_401pts_2 (ProfileData)\IRM_DCD_Floppy_401pts_2#2,txt
Plot File:     c:\Ideasvsm\Default UserID\ERamos_\IR_DCD_Exp\Test_IRM_Floppy\IRM_DCD_Floppy_401pts_2 (ProfileData)\IRM_DCD_Floppy_401pts_2#2,oc2
VSM Exp File:  C:\IDEASVSM\Default UserID\Experiments\CDC_Floopy\CDC_Floopy,stp
VSM Data File: c:\Ideasvsm\Default UserID\ERamos_\IR_DCD_Exp\Test_IRM_Floppy\IRM_DCD_Floppy_401pts_2 (ProfileData)\IRM_DCD_Floppy_401pts_2#2,dat

***DATA***

Field(Oe)	 Moment(emu)	
 0,11338251 	 0,00098006731 	
 9,9982767 	 0,00098227389 	
 19,91925 	 0,00098072466 	
 29,932573 	 0,00098398256 	
 40,120766 	 0,0009855284 	
 49,994919 	 0,00098190736 	
 59,86908 	 0,00098132801 	
 70,340424 	 0,00097912237 	
 79,586517 	 0,00098326838 	
 90,340736 	 0,00098169045 	
 99,843979 	 0,00098003727 	
 109,88779 	 0,0009794333 	
 120,04483 	 0,00098221902 	
 130,01663 	 0,00097370635 	
 140,07617 	 0,00098615285 	
 149,96579 	 0,00098020782 	
 159,97385 	 0,00097932004 	
 170,03336 	 0,00098041257 	
 180,05217 	 0,0009748782 	
 190,04559 	 0,00098040783 	
 200,18321 	 0,00098038247 	
 210,06339 	 0,00097674891 	
 220,11859 	 0,00098229431 	
 230,01401 	 0,00097384843 	
 240,03233 	 0,0009808923 	
 249,87564 	 0,000991332 	
 260,14624 	 0,00098065437 	
 270,09253 	 0,00098739928 	
 279,96201 	 0,00098416798 	
 289,99164 	 0,00099048045 	
 299,88223 	 0,00098043369 	
 309,85519 	 0,00098671977 	
 320,1474 	 0,00098570997 	
 329,97107 	 0,00098219896 	
 340,12427 	 0,00098253804 	
 350,05603 	 0,00098250519 	
 360,01361 	 0,00097531036 	
 370,06891 	 0,00098656534 	
 379,92609 	 0,00098415803 	
 390,05933 	 0,00098318765 	
 399,88376 	 0,00097822359 	
 409,86768 	 0,00098202812 	
 420,02661 	 0,00098007243 	
 429,91278 	 0,0009860016 	
 440,09753 	 0,00098359431 	
 449,9837 	 0,00098113475 	
 460,05511 	 0,0009795685 	
 470,00824 	 0,00098344642 	
 480,01276 	 0,00097665727 	
 489,79602 	 0,00098180975 	
 500,03711 	 0,00097993509 	
 510,08688 	 0,00098066803 	
 519,92566 	 0,00098425729 	
 529,98047 	 0,00098390892 	
 539,98395 	 0,00098167404 	
 549,94623 	 0,00098174029 	
 560,08344 	 0,00098326668 	
 569,91711 	 0,00098477531 	
 580,0235 	 0,00098235891 	
 589,93939 	 0,00098156506 	
 599,93256 	 0,00098287288 	
 609,89996 	 0,00097962153 	
 620,03204 	 0,00098746046 	
 630,02014 	 0,00098647914 	
 639,97217 	 0,00097783926 	
 650,0271 	 0,00098776091 	
 659,96362 	 0,00098186544 	
 669,97729 	 0,00097876726 	
 680,06311 	 0,00097917588 	
 689,94824 	 0,00097977995 	
 700,00317 	 0,00098338654 	
 709,95508 	 0,00098012522 	
 720,07166 	 0,00098548382 	
 729,94653 	 0,00098269158 	
 739,96021 	 0,0009851731 	
 749,96887 	 0,00098668475 	
 759,98096 	 0,00098505265 	
 770,03412 	 0,00098203786 	
 780,09747 	 0,00098294717 	
 789,89868 	 0,00098400671 	
 800,15247 	 0,00097792177 	
 810,02557 	 0,00098505198 	
 819,97058 	 0,00098156478 	
 830,0752 	 0,00097812215 	
 840,02539 	 0,00098394087 	
 849,97565 	 0,00097868392 	
 859,94141 	 0,00098677292 	
 869,92767 	 0,0009792775 	
 879,97571 	 0,0009829746 	
 890,04431 	 0,00097947315 	
 899,974 	 0,00098621997 	
 909,94482 	 0,00097820211 	
 920,13171 	 0,00098162177 	
 930,03052 	 0,00098904895 	
 939,94983 	 0,00098528447 	
 950,01855 	 0,00098011031 	
 959,96362 	 0,00098408208 	
 970,04761 	 0,00097852672 	
 980,04932 	 0,00098166664 	
 990,10254 	 0,00098080689 	
 999,92657 	 0,00098048581 	
 1010,0206 	 0,00098321437 	
 1020,1146 	 0,00098056898 	
 1030,0543 	 0,00098128307 	
 1039,932 	 0,00098399952 	
 1049,9128 	 0,00098169875 	
 1060,0531 	 0,00097748196 	
 1069,9978 	 0,0009833162 	
 1079,8604 	 0,000984962 	
 1089,8564 	 0,00098027211 	
 1099,9814 	 0,00098143705 	
 1109,9724 	 0,00098265557 	
 1120,0149 	 0,00098056332 	
 1129,8671 	 0,0009845501 	
 1139,9919 	 0,00098144124 	
 1150,0139 	 0,00098148985 	
 1160,0461 	 0,00098386684 	
 1169,9703 	 0,0009791189 	
 1180,116 	 0,00098586977 	
 1190,0454 	 0,00098287295 	
 1199,8406 	 0,00097919185 	
 1210,0635 	 0,00098439751 	
 1220,1267 	 0,00098114862 	
 1230,0044 	 0,00098028566 	
 1240,052 	 0,00098047316 	
 1249,9763 	 0,00098134649 	
 1259,9878 	 0,00098182903 	
 1269,8965 	 0,00097792235 	
 1279,9082 	 0,00098489296 	
 1290,1157 	 0,00098138761 	
 1300,0295 	 0,0009850665 	
 1310,0256 	 0,00097717757 	
 1319,9548 	 0,00098666247 	
 1330,0488 	 0,00098718056 	
 1340,0605 	 0,00098517661 	
 1349,958 	 0,00098187504 	
 1360,0652 	 0,00097884586 	
 1370,043 	 0,00097977533 	
 1380,0054 	 0,00098756322 	
 1389,9628 	 0,00098325585 	
 1400,0386 	 0,00098074717 	
 1410,0012 	 0,00098380653 	
 1419,9688 	 0,00098145397 	
 1429,9775 	 0,00097649015 	
 1440,0328 	 0,00098683885 	
 1450,0676 	 0,0009790476 	
 1459,9111 	 0,00098029298 	
 1470,1011 	 0,00097825032 	
 1479,9342 	 0,00098560912 	
 1490,041 	 0,00097632497 	
 1500,0347 	 0,00097825346 	
 1510,0332 	 0,00098124939 	
 1520,0576 	 0,00098033412 	
 1530,0046 	 0,00098423893 	
 1539,9617 	 0,00098195463 	
 1550,0068 	 0,00098419753 	
 1559,9124 	 0,0009857686 	
 1569,978 	 0,00097959879 	
 1580,0337 	 0,00098405694 	
 1589,9805 	 0,00098191277 	
 1600,0098 	 0,00098858078 	
 1610,1377 	 0,00098446222 	
 1619,9968 	 0,00098455787 	
 1629,99 	 0,00098141121 	
 1639,8853 	 0,00098330466 	
 1650,1165 	 0,00097441053 	
 1659,9207 	 0,00098238057 	
 1669,9277 	 0,00097900843 	
 1680,0585 	 0,00098169502 	
 1690,1223 	 0,0009788472 	
 1699,9341 	 0,00098311046 	
 1709,9978 	 0,00098522978 	
 1720,0411 	 0,0009775644 	
 1729,9919 	 0,00098037058 	
 1739,9681 	 0,00097922112 	
 1749,9957 	 0,00097865296 	
 1759,9774 	 0,00098012504 	
 1769,9537 	 0,00097997182 	
 1779,9196 	 0,00097884052 	
 1789,8704 	 0,0009780962 	
 1800,1295 	 0,00098320304 	
 1810,0596 	 0,00098223574 	
 1820,005 	 0,00097946977 	
 1830,0176 	 0,00097889724 	
 1839,8806 	 0,00098196844 	
 1850,0732 	 0,00098174779 	
 1859,6689 	 0,00097877156 	
 1870,031 	 0,00097652497 	
 1879,9302 	 0,00098798446 	
 1890,0454 	 0,00098819272 	
 1899,821 	 0,00098589383 	
 1910,0032 	 0,00098088719 	
 1920,0515 	 0,00098513912 	
 1929,9766 	 0,0009801258 	
 1939,8396 	 0,00097936817 	
 1949,9551 	 0,00098223667 	
 1959,9158 	 0,000983583 	
 1970,0413 	 0,00097970677 	
 1980,0022 	 0,00098306571 	
 1989,9683 	 0,00098433034 	
 2000,0049 	 0,00098216917 	
 2010,0581 	 0,00098308396 	
 2019,9469 	 0,00098314798 	
 2030,0363 	 0,00097941709 	
 2040,0072 	 0,00098113772 	
 2049,8496 	 0,00097724602 	
 2060,2068 	 0,0009788632 	
 2069,7966 	 0,00098156633 	
 2080,0303 	 0,0009850713 	
 2090,1196 	 0,00098140866 	
 2099,9468 	 0,00098172134 	
 2110,103 	 0,000979776 	
 2119,9456 	 0,00097502465 	
 2130,1633 	 0,00098757842 	
 2140,0881 	 0,00097977058 	
 2150,0488 	 0,00097797456 	
 2159,9377 	 0,00098024006 	
 2170,1555 	 0,00098669751 	
 2179,998 	 0,00098502882 	
 2189,9846 	 0,00097970237 	
 2200,2954 	 0,00098419841 	
 2209,9985 	 0,00098432038 	
 2219,9182 	 0,00098573497 	
 2230,0076 	 0,00098272238 	
 2239,8035 	 0,00098115308 	
 2249,9243 	 0,00098408269 	
 2259,813 	 0,00098703159 	
 2270,1338 	 0,00097994304 	
 2279,9609 	 0,00098442626 	
 2290,0659 	 0,00098080023 	
 2299,9233 	 0,0009822165 	
 2310,1572 	 0,00098346839 	
 2319,9531 	 0,00098251438 	
 2330,022 	 0,00098108206 	
 2340,0498 	 0,00097859632 	
 2350,0205 	 0,00098402452 	
 2359,9761 	 0,00098456134 	
 2370,1274 	 0,00098976907 	
 2379,9751 	 0,00097726232 	
 2389,9922 	 0,00098206624 	
 2400,1025 	 0,00097566668 	
 2410,1196 	 0,00098315209 	
 2420,1113 	 0,00098809795 	
 2429,9692 	 0,00098201531 	
 2439,9248 	 0,0009851883 	
 2450,0142 	 0,00098376964 	
 2460,083 	 0,00098258207 	
 2470,0283 	 0,00098048452 	
 2480,231 	 0,00097553592 	
 2490,0371 	 0,00098139961 	
 2500,0872 	 0,00098373492 	
 2510,137 	 0,00098371642 	
 2519,9961 	 0,00097735774 	
 2530,0459 	 0,00098107558 	
 2539,8645 	 0,0009808145 	
 2549,7908 	 0,00098353569 	
 2560,0046 	 0,00097789051 	
 2569,9824 	 0,00098816398 	
 2579,8315 	 0,00098226637 	
 2590,0867 	 0,00098312358 	
 2600,0027 	 0,00098275849 	
 2609,8777 	 0,00098496519 	
 2619,9016 	 0,00098471753 	
 2630,1003 	 0,00098212099 	
 2639,8879 	 0,00098086294 	
 2649,7886 	 0,0009839264 	
 2660,1101 	 0,00098536067 	
 2669,929 	 0,00097945723 	
 2680,0198 	 0,00098110425 	
 2689,9561 	 0,0009784851 	
 2700,011 	 0,00098098934 	
 2710,0503 	 0,00098003838 	
 2719,8533 	 0,00098245474 	
 2730,0259 	 0,00097976212 	
 2739,8962 	 0,00098181532 	
 2749,9253 	 0,00098262039 	
 2760,0366 	 0,00097970831 	
 2770,0244 	 0,00098093333 	
 2780,0942 	 0,00098451442 	
 2789,9951 	 0,00097628797 	
 2799,8804 	 0,00098443639 	
 2809,9043 	 0,00098428085 	
 2820,0518 	 0,00098604639 	
 2829,8442 	 0,00098528666 	
 2839,9502 	 0,00098380756 	
 2849,9487 	 0,00098311339 	
 2859,9009 	 0,00098117869 	
 2870,0068 	 0,00097803428 	
 2879,8613 	 0,00098732198 	
 2889,8799 	 0,00098535604 	
 2899,8682 	 0,0009809955 	
 2910,0562 	 0,00098704321 	
 2919,9053 	 0,00097843105 	
 2930,0986 	 0,00098341102 	
 2939,9326 	 0,00098189298 	
 2950,0186 	 0,00098301609 	
 2959,7446 	 0,00098803225 	
 2969,9272 	 0,00098068378 	
 2979,9976 	 0,00098170686 	
 2989,8828 	 0,00097911984 	
 3000,0522 	 0,00097920142 	
 3010,0623 	 0,0009839061 	
 3019,8923 	 0,00098729866 	
 3030,1848 	 0,00097756314 	
 3040,0308 	 0,00098708982 	
 3050,0457 	 0,00098549604 	
 3059,835 	 0,00097481456 	
 3069,9993 	 0,00097829129 	
 3079,9783 	 0,00098628225 	
 3090,0398 	 0,0009797962 	
 3099,8499 	 0,00098612063 	
 3110,0293 	 0,00098173072 	
 3119,9109 	 0,00098552314 	
 3129,9824 	 0,0009831424 	
 3140,2134 	 0,00098016379 	
 3150,1257 	 0,00098527123 	
 3160,0532 	 0,00098461352 	
 3170,084 	 0,00098484791 	
 3180,2075 	 0,00098149878 	
 3190,0068 	 0,00098452943 	
 3200,0989 	 0,00098414406 	
 3209,9292 	 0,00098490611 	
 3220,0212 	 0,00098423969 	
 3230,001 	 0,00098326022 	
 3239,8621 	 0,00097708368 	
 3250,0105 	 0,00097923449 	
 3259,9233 	 0,00098150699 	
 3269,9639 	 0,00098675622 	
 3279,8921 	 0,00097595181 	
 3290,0352 	 0,00098028738 	
 3299,9478 	 0,00098142767 	
 3310,0962 	 0,00098840678 	
 3320,0552 	 0,00098443681 	
 3330,1167 	 0,00098290684 	
 3340,0498 	 0,00097867087 	
 3349,9106 	 0,00098033931 	
 3360,0029 	 0,00098183719 	
 3369,9922 	 0,0009799183 	
 3379,9409 	 0,0009791094 	
 3390,105 	 0,00098254291 	
 3400,0635 	 0,00098126843 	
 3410,1865 	 0,00097994685 	
 3420,0684 	 0,00097816439 	
 3429,9858 	 0,00098346673 	
 3439,9087 	 0,00098281937 	
 3450,0571 	 0,00098241881 	
 3459,9185 	 0,00097885009 	
 3469,8467 	 0,00098493281 	
 3480,0723 	 0,00097411903 	
 3490 	 0,0009805405 	
 3500,1436 	 0,00098113601 	
 3510,0095 	 0,00098464398 	
 3519,8855 	 0,00098205991 	
 3529,9714 	 0,00097663105 	
 3539,991 	 0,00098701344 	
 3550,0002 	 0,00098112009 	
 3560,071 	 0,00098777344 	
 3570,0911 	 0,00098202897 	
 3580,0437 	 0,00098375484 	
 3590,063 	 0,00098179412 	
 3599,9697 	 0,00098496268 	
 3609,9067 	 0,00098019425 	
 3620,0134 	 0,00098594274 	
 3629,9512 	 0,00098235844 	
 3640,1194 	 0,0009867859 	
 3650,0928 	 0,00098408331 	
 3659,9431 	 0,00098375863 	
 3669,9832 	 0,00098314772 	
 3679,9717 	 0,00098343138 	
 3689,9761 	 0,00097802067 	
 3699,9438 	 0,00097950845 	
 3709,8713 	 0,00098471482 	
 3719,9729 	 0,00097636891 	
 3729,9465 	 0,00098622832 	
 3739,7803 	 0,00098398595 	
 3750,1548 	 0,00098426545 	
 3759,9434 	 0,00098873244 	
 3770,1475 	 0,00098512209 	
 3780,1982 	 0,00097514702 	
 3790,0688 	 0,00098241677 	
 3799,9443 	 0,00098159403 	
 3809,9126 	 0,00098547552 	
 3819,9473 	 0,00098439377 	
 3830,0698 	 0,00098212443 	
 3840,1406 	 0,00098364199 	
 3850,1963 	 0,00097329313 	
 3860,0874 	 0,00098832002 	
 3869,9678 	 0,00098589777 	
 3880,0078 	 0,00098343302 	
 3889,9302 	 0,00098646935 	
 3900,0522 	 0,00098113977 	
 3909,8252 	 0,00098260677 	
 3919,896 	 0,00097957199 	
 3929,9829 	 0,00098202687 	
 3939,9868 	 0,00098120882 	
 3950,0576 	 0,00098841063 	
 3960,0615 	 0,00098044202 	
 3969,8706 	 0,00098256054 	
 3979,8232 	 0,00098129046 	
 3989,7915 	 0,00099105686 	
 4000,0625 	 0,00098142025 	

	
	
